# stem n k w d Q ratio
F1_10_n288k12d20w9 288 12 9 16 10.66666666666667 0.9428090415820635
F1_11_n300k18d20w9 300 18 9 5 1.5 0.2886751345948129
F1_12_n320k12d32w9 320 12 9 10 3.75 0.5590169943749475
F1_13_n320k12d22w9 320 12 9 4 0.6 0.223606797749979
F1_14_n324k14d31w9 324 14 9 9 3.5 0.5
F1_15_n324k14d22w9 324 14 9 15 9.722222222222221 0.8333333333333333
F1_16_n324k18d19w9 324 18 9 9 4.5 0.5
F1_17_n324k12d25w9 324 12 9 9 3. 0.5
F1_18_n324k14d44w9 324 14 9 18 14. 1.
F1_19_n336k12d21w7 336 12 7 18 11.57142857142857 0.9819805060619657
F1_1_n216k12d19w9 216 12 9 9 4.5 0.6123724356957945
F1_20_n336k12d21w7 336 12 7 18 11.57142857142857 0.9819805060619657
F1_21_n336k12d41w9 336 12 9 14 7. 0.7637626158259734
F1_22_n336k12d42w9 336 12 9 21 15.75 1.14564392373896
F1_23_n336k12d42w9 336 12 9 14 7. 0.7637626158259734
F1_24_n336k16d28w9 336 16 9 20 19.04761904761905 1.091089451179962
F1_25_n336k14d21w9 336 14 9 13 7.041666666666667 0.7092081432669752
F1_26_n336k12d26w9 336 12 9 7 1.75 0.3818813079129867
F1_27_n336k12d39w9 336 12 9 18 11.57142857142857 0.9819805060619657
F1_28_n336k16d46w9 336 16 9 7 2.333333333333333 0.3818813079129867
F1_29_n336k16d36w9 336 16 9 18 15.42857142857143 0.9819805060619657
F1_2_n224k12d20w9 224 12 9 7 2.625 0.4677071733467427
F1_30_n336k14d41w9 336 14 9 24 24. 1.309307341415954
F1_31_n336k12d45w9 336 12 9 12 5.142857142857143 0.6546536707079772
F1_32_n336k16d31w9 336 16 9 12 6.857142857142857 0.6546536707079772
F1_33_n336k12d42w9 336 12 9 21 15.75 1.14564392373896
F1_34_n336k18d23w9 336 18 9 6 1.928571428571429 0.3273268353539886
F1_35_n336k14d43w9 336 14 9 14 8.166666666666666 0.7637626158259734
F1_36_n336k14d42w9 336 14 9 22 20.16666666666667 1.200198396297958
F1_37_n360k14d26w9 360 14 9 14 7.622222222222222 0.7378647873726218
F1_38_n360k12d48w9 360 12 9 6 1.2 0.3162277660168379
F1_39_n360k12d33w9 360 12 9 12 4.8 0.6324555320336759
F1_3_n224k16d16w9 224 16 9 10 7.142857142857143 0.6681531047810609
F1_40_n360k14d33w9 360 14 9 15 8.75 0.7905694150420948
F1_41_n360k12d47w9 360 12 9 24 19.2 1.264911064067352
F1_42_n360k12d31w9 360 12 9 15 7.5 0.7905694150420948
F1_43_n360k12d25w7 360 12 7 22 16.13333333333333 1.159501808728406
F1_44_n360k16d21w9 360 16 9 21 19.6 1.106797181058933
F1_45_n360k12d21w7 360 12 7 20 13.33333333333333 1.05409255338946
F1_46_n360k16d37w8 360 16 8 15 10. 0.7905694150420948
F1_47_n360k14d48w9 360 14 9 15 8.75 0.7905694150420948
F1_48_n360k14d47w9 360 14 9 15 8.75 0.7905694150420948
F1_49_n360k12d36w9 360 12 9 5 0.8333333333333334 0.263523138347365
F1_4_n252k12d19w9 252 12 9 12 6.857142857142857 0.7559289460184544
F1_50_n360k14d22w9 360 14 9 15 8.75 0.7905694150420948
F1_51_n360k14d46w9 360 14 9 18 12.6 0.9486832980505138
F1_52_n360k12d22w9 360 12 9 18 10.8 0.9486832980505138
F1_53_n360k12d28w9 360 12 9 10 3.333333333333333 0.5270462766947299
F1_54_n360k18d22w9 360 18 9 10 5. 0.5270462766947299
F1_55_n360k12d26w9 360 12 9 15 7.5 0.7905694150420948
F1_56_n360k12d47w9 360 12 9 15 7.5 0.7905694150420948
F1_57_n360k12d42w9 360 12 9 30 30. 1.58113883008419
F1_58_n372k12d29w9 372 12 9 23 17.06451612903226 1.192494448939989
F1_59_n372k14d24w9 372 14 9 8 2.408602150537634 0.4147806778921701
F1_5_n252k14d18w9 252 14 9 17 16.05555555555556 1.07089934019281
F1_60_n372k12d49w9 372 12 9 22 15.61290322580645 1.140646864203468
F1_61_n372k14d21w9 372 14 9 18 12.19354838709677 0.9332565252573828
F1_62_n372k12d48w9 372 12 9 22 15.61290322580645 1.140646864203468
F1_63_n372k12d47w9 372 12 9 27 23.51612903225806 1.399884787886074
F1_64_n372k12d47w9 372 12 9 36 41.80645161290322 1.866513050514766
F1_65_n372k22d43w9 372 22 9 23 31.28494623655914 1.192494448939989
F1_66_n372k12d36w9 372 12 9 24 18.58064516129032 1.24434203367651
F1_67_n372k12d50w9 372 12 9 31 31. 1.607275126832159
F1_68_n372k12d48w9 372 12 9 40 51.61290322580645 2.073903389460851
F1_69_n372k14d31w9 372 14 9 18 12.19354838709677 0.9332565252573828
F1_6_n252k14d17w9 252 14 9 17 16.05555555555556 1.07089934019281
F1_70_n372k14d25w9 372 14 9 18 12.19354838709677 0.9332565252573828
F1_71_n372k12d35w9 372 12 9 23 17.06451612903226 1.192494448939989
F1_72_n372k14d29w9 372 14 9 18 12.19354838709677 0.9332565252573828
F1_73_n372k16d36w9 372 16 9 11 5.204301075268817 0.5703234321017339
F1_74_n372k12d24w9 372 12 9 23 17.06451612903226 1.192494448939989
F1_75_n372k12d44w9 372 12 9 36 41.80645161290322 1.866513050514766
F1_76_n372k12d49w9 372 12 9 27 23.51612903225806 1.399884787886074
F1_77_n372k14d29w9 372 14 9 16 9.634408602150538 0.8295613557843402
F1_78_n372k12d46w9 372 12 9 35 39.51612903225806 1.814665465778244
F1_79_n372k14d44w9 372 14 9 17 10.87634408602151 0.8814089405208615
F1_7_n256k16d20w9 256 16 9 16 16. 1.
F1_80_n372k12d52w9 372 12 9 24 18.58064516129032 1.24434203367651
F1_81_n372k12d26w9 372 12 9 20 12.90322580645161 1.036951694730425
F1_82_n384k12d45w9 384 12 9 16 8. 0.8164965809277261
F1_83_n384k12d42w9 384 12 9 8 2. 0.4082482904638631
F1_84_n384k12d51w9 384 12 9 8 2. 0.4082482904638631
F1_85_n384k14d45w9 384 14 9 12 5.25 0.6123724356957946
F1_86_n384k16d47w9 384 16 9 6 1.5 0.3061862178478973
F1_87_n384k12d28w9 384 12 9 12 4.5 0.6123724356957946
F1_88_n384k12d56w9 384 12 9 8 2. 0.4082482904638631
F1_89_n384k12d25w9 384 12 9 8 2. 0.4082482904638631
F1_8_n256k16d20w8 256 16 8 16 16. 1.
F1_90_n384k12d30w9 384 12 9 6 1.125 0.3061862178478973
F1_91_n384k12d54w9 384 12 9 18 10.125 0.9185586535436919
F1_9_n288k14d19w9 288 14 9 8 3.111111111111111 0.4714045207910317
F2_10_n336k12d27w9 336 12 9 20 14.28571428571429 1.091089451179962
F2_11_n360k12d25w9 360 12 9 6 1.2 0.3162277660168379
F2_12_n360k12d32w9 360 12 9 25 20.83333333333333 1.317615691736825
F2_13_n360k12d30w9 360 12 9 15 7.5 0.7905694150420948
F2_14_n360k12d24w9 360 12 9 20 13.33333333333333 1.05409255338946
F2_15_n360k12d41w9 360 12 9 23 17.63333333333333 1.212206436397879
F2_16_n372k14d26w9 372 14 9 18 12.19354838709677 0.9332565252573828
F2_17_n372k18d19w9 372 18 9 17 13.98387096774194 0.8814089405208615
F2_18_n384k20d22w10 384 20 10 16 13.33333333333333 0.8164965809277261
F2_19_n384k12d54w9 384 12 9 12 4.5 0.6123724356957946
F2_1_n252k12d21w9 252 12 9 18 15.42857142857143 1.133893419027681
F2_2_n252k14d20w9 252 14 9 18 18. 1.133893419027681
F2_3_n252k12d24w9 252 12 9 17 13.76190476190476 1.07089934019281
F2_4_n252k12d20w9 252 12 9 18 15.42857142857143 1.133893419027681
F2_5_n288k14d24w9 288 14 9 12 7. 0.7071067811865476
F2_6_n320k12d44w9 320 12 9 8 2.4 0.4472135954999579
F2_7_n320k12d28w9 320 12 9 4 0.6 0.223606797749979
F2_8_n324k12d23w9 324 12 9 9 3. 0.5
F2_9_n324k12d21w9 324 12 9 18 12. 1.
F3_100_n384k12d47w9 384 12 9 24 18. 1.224744871391589
F3_101_n384k12d54w9 384 12 9 18 10.125 0.9185586535436919
F3_102_n384k16d26w9 384 16 9 16 10.66666666666667 0.8164965809277261
F3_103_n384k12d43w9 384 12 9 22 15.125 1.122682798775623
F3_104_n384k12d30w9 384 12 9 20 12.5 1.020620726159658
F3_105_n384k12d30w9 384 12 9 25 19.53125 1.275775907699572
F3_106_n384k12d51w9 384 12 9 15 7.03125 0.7654655446197433
F3_10_n252k12d21w9 252 12 9 7 2.333333333333333 0.4409585518440984
F3_11_n252k14d17w9 252 14 9 9 4.5 0.5669467095138407
F3_12_n256k24d16w8 256 24 8 14 18.375 0.875
F3_13_n288k14d28w9 288 14 9 6 1.75 0.3535533905932738
F3_14_n288k16d23w9 288 16 9 6 2. 0.3535533905932738
F3_15_n288k14d32w9 288 14 9 12 7. 0.7071067811865476
F3_16_n288k18d24w9 288 18 9 6 2.25 0.3535533905932738
F3_17_n288k14d24w9 288 14 9 22 23.52777777777778 1.296362432175337
F3_18_n288k12d20w9 288 12 9 15 9.375 0.8838834764831845
F3_19_n288k12d20w9 288 12 9 12 6. 0.7071067811865476
F3_1_n216k14d17w9 216 14 9 9 5.25 0.6123724356957945
F3_20_n288k12d22w9 288 12 9 8 2.666666666666667 0.4714045207910317
F3_21_n300k18d18w9 300 18 9 5 1.5 0.2886751345948129
F3_22_n300k12d24w9 300 12 9 15 9. 0.8660254037844385
F3_23_n300k12d29w9 300 12 9 15 9. 0.8660254037844385
F3_24_n320k12d22w9 320 12 9 10 3.75 0.5590169943749475
F3_25_n324k14d36w9 324 14 9 16 11.06172839506173 0.8888888888888888
F3_26_n324k14d24w9 324 14 9 9 3.5 0.5
F3_27_n324k14d30w9 324 14 9 18 14. 1.
F3_28_n324k14d20w9 324 14 9 17 12.48765432098766 0.9444444444444444
F3_29_n324k14d25w9 324 14 9 9 3.5 0.5
F3_2_n240k12d18w9 240 12 9 10 5. 0.6454972243679027
F3_30_n324k14d22w9 324 14 9 9 3.5 0.5
F3_31_n324k14d22w9 324 14 9 12 6.222222222222222 0.6666666666666666
F3_32_n324k14d35w9 324 14 9 9 3.5 0.5
F3_33_n324k14d32w9 324 14 9 18 14. 1.
F3_34_n324k14d31w9 324 14 9 18 14. 1.
F3_35_n324k14d22w9 324 14 9 18 14. 1.
F3_36_n324k14d20w9 324 14 9 16 11.06172839506173 0.8888888888888888
F3_37_n336k12d37w9 336 12 9 34 41.28571428571428 1.854852067005935
F3_38_n336k12d43w9 336 12 9 36 46.28571428571428 1.963961012123931
F3_39_n336k14d43w9 336 14 9 14 8.166666666666666 0.7637626158259734
F3_3_n252k12d20w9 252 12 9 7 2.333333333333333 0.4409585518440984
F3_40_n336k12d43w9 336 12 9 16 9.142857142857142 0.8728715609439696
F3_41_n336k12d26w9 336 12 9 7 1.75 0.3818813079129867
F3_42_n336k16d22w9 336 16 9 12 6.857142857142857 0.6546536707079772
F3_43_n336k12d23w9 336 12 9 14 7. 0.7637626158259734
F3_44_n336k14d20w9 336 14 9 14 8.166666666666666 0.7637626158259734
F3_45_n336k22d18w9 336 22 9 4 1.047619047619048 0.2182178902359924
F3_46_n336k18d36w9 336 18 9 14 10.5 0.7637626158259734
F3_47_n336k14d20w9 336 14 9 8 2.666666666666667 0.4364357804719848
F3_48_n360k12d49w9 360 12 9 6 1.2 0.3162277660168379
F3_49_n360k12d46w9 360 12 9 15 7.5 0.7905694150420948
F3_4_n252k12d20w9 252 12 9 7 2.333333333333333 0.4409585518440984
F3_50_n360k12d24w9 360 12 9 12 4.8 0.6324555320336759
F3_51_n360k20d18w9 360 20 9 15 12.5 0.7905694150420948
F3_52_n360k14d46w9 360 14 9 35 47.63888888888889 1.844661968431555
F3_53_n360k14d45w9 360 14 9 15 8.75 0.7905694150420948
F3_54_n360k12d30w9 360 12 9 15 7.5 0.7905694150420948
F3_55_n360k12d43w9 360 12 9 15 7.5 0.7905694150420948
F3_56_n360k12d41w9 360 12 9 9 2.7 0.4743416490252569
F3_57_n360k12d27w9 360 12 9 15 7.5 0.7905694150420948
F3_58_n360k12d44w9 360 12 9 15 7.5 0.7905694150420948
F3_59_n360k12d27w9 360 12 9 15 7.5 0.7905694150420948
F3_5_n252k12d24w9 252 12 9 17 13.76190476190476 1.07089934019281
F3_60_n360k16d47w9 360 16 9 15 10. 0.7905694150420948
F3_61_n360k12d42w9 360 12 9 18 10.8 0.9486832980505138
F3_62_n360k12d22w9 360 12 9 15 7.5 0.7905694150420948
F3_63_n360k12d24w9 360 12 9 9 2.7 0.4743416490252569
F3_64_n360k12d27w9 360 12 9 9 2.7 0.4743416490252569
F3_65_n360k14d39w9 360 14 9 18 12.6 0.9486832980505138
F3_66_n360k12d49w9 360 12 9 15 7.5 0.7905694150420948
F3_67_n372k12d42w9 372 12 9 39 49.06451612903226 2.022055804724329
F3_68_n372k12d47w9 372 12 9 21 14.2258064516129 1.088799279466947
F3_69_n372k14d31w9 372 14 9 18 12.19354838709677 0.9332565252573828
F3_6_n252k12d21w9 252 12 9 14 9.333333333333334 0.8819171036881968
F3_70_n372k12d48w9 372 12 9 30 29.03225806451613 1.555427542095638
F3_71_n372k12d51w9 372 12 9 23 17.06451612903226 1.192494448939989
F3_72_n372k12d40w9 372 12 9 25 20.16129032258064 1.296189618413031
F3_73_n372k12d46w9 372 12 9 39 49.06451612903226 2.022055804724329
F3_74_n372k12d38w9 372 12 9 30 29.03225806451613 1.555427542095638
F3_75_n372k14d39w9 372 14 9 14 7.376344086021505 0.7258661863112976
F3_76_n372k14d26w9 372 14 9 18 12.19354838709677 0.9332565252573828
F3_77_n372k14d44w9 372 14 9 14 7.376344086021505 0.7258661863112976
F3_78_n372k18d26w8 372 18 8 18 15.67741935483871 0.9332565252573828
F3_79_n372k12d32w9 372 12 9 21 14.2258064516129 1.088799279466947
F3_7_n252k12d22w9 252 12 9 7 2.333333333333333 0.4409585518440984
F3_80_n372k12d49w9 372 12 9 28 25.29032258064516 1.451732372622595
F3_81_n372k12d51w9 372 12 9 31 31. 1.607275126832159
F3_82_n372k12d23w9 372 12 9 20 12.90322580645161 1.036951694730425
F3_83_n372k12d43w9 372 12 9 25 20.16129032258064 1.296189618413031
F3_84_n372k12d43w9 372 12 9 25 20.16129032258064 1.296189618413031
F3_85_n372k12d42w9 372 12 9 33 35.12903225806452 1.710970296305202
F3_86_n372k14d30w9 372 14 9 16 9.634408602150538 0.8295613557843402
F3_87_n372k12d51w9 372 12 9 33 35.12903225806452 1.710970296305202
F3_88_n372k12d45w9 372 12 9 28 25.29032258064516 1.451732372622595
F3_89_n384k12d28w9 384 12 9 16 8. 0.8164965809277261
F3_8_n252k12d20w9 252 12 9 18 15.42857142857143 1.133893419027681
F3_90_n384k12d23w9 384 12 9 16 8. 0.8164965809277261
F3_91_n384k14d22w9 384 14 9 16 9.333333333333334 0.8164965809277261
F3_92_n384k14d24w9 384 14 9 12 5.25 0.6123724356957946
F3_93_n384k16d24w9 384 16 9 12 6. 0.6123724356957946
F3_94_n384k18d20w9 384 18 9 8 3. 0.4082482904638631
F3_95_n384k16d43w9 384 16 9 26 28.16666666666667 1.326806944007555
F3_96_n384k12d55w9 384 12 9 18 10.125 0.9185586535436919
F3_97_n384k12d27w9 384 12 9 18 10.125 0.9185586535436919
F3_98_n384k12d33w9 384 12 9 12 4.5 0.6123724356957946
F3_99_n384k16d22w9 384 16 9 16 10.66666666666667 0.8164965809277261
F3_9_n252k12d21w9 252 12 9 7 2.333333333333333 0.4409585518440984
F4_10_n378k12d23w9 378 12 9 6 1.142857142857143 0.3086066999241838
F4_11_n378k12d48w9 378 12 9 15 7.142857142857143 0.7715167498104595
F4_12_n378k12d38w9 378 12 9 18 10.28571428571429 0.9258200997725514
F4_13_n378k12d47w9 378 12 9 14 6.222222222222222 0.7200822998230956
F4_14_n378k16d30w9 378 16 9 18 13.71428571428571 0.9258200997725514
F4_15_n378k12d46w9 378 12 9 14 6.222222222222222 0.7200822998230956
F4_16_n378k12d25w9 378 12 9 14 6.222222222222222 0.7200822998230956
F4_17_n378k12d23w9 378 12 9 18 10.28571428571429 0.9258200997725514
F4_18_n378k12d37w9 378 12 9 12 4.571428571428571 0.6172133998483676
F4_19_n378k12d26w9 378 12 9 30 28.57142857142857 1.543033499620919
F4_1_n270k12d26w9 270 12 9 18 14.4 1.095445115010332
F4_20_n378k14d30w9 378 14 9 6 1.333333333333333 0.3086066999241838
F4_21_n378k16d36w8 378 16 8 18 13.71428571428571 0.9258200997725514
F4_22_n384k16d24w8 384 16 8 16 10.66666666666667 0.8164965809277261
F4_23_n384k16d23w8 384 16 8 8 2.666666666666667 0.4082482904638631
F4_2_n270k12d22w9 270 12 9 12 6.4 0.7302967433402214
F4_3_n324k12d30w9 324 12 9 12 5.333333333333333 0.6666666666666666
F4_4_n324k12d21w7 324 12 7 9 3. 0.5
F4_5_n336k12d22w9 336 12 9 8 2.285714285714286 0.4364357804719848
F4_6_n336k12d41w9 336 12 9 14 7. 0.7637626158259734
F4_7_n360k12d22w7 360 12 7 12 4.8 0.6324555320336759
F4_8_n378k12d34w9 378 12 9 21 14. 1.080123449734643
F4_9_n378k12d26w9 378 12 9 11 3.841269841269841 0.5657789498610036
F5_10_n255k54d9w9 255 54 9 4 3.388235294117647 0.2504897164340598
F5_11_n280k60d12w10 280 60 10 4 3.428571428571428 0.2390457218668787
F5_12_n285k60d9w9 285 60 9 3 1.894736842105263 0.1777046633277277
F5_13_n285k60d9w9 285 60 9 4 3.368421052631579 0.2369395511036369
F5_14_n285k60d10w9 285 60 9 4 3.368421052631579 0.2369395511036369
F5_15_n285k60d9w9 285 60 9 4 3.368421052631579 0.2369395511036369
F5_16_n285k60d10w9 285 60 9 4 3.368421052631579 0.2369395511036369
F5_17_n285k60d9w9 285 60 9 4 3.368421052631579 0.2369395511036369
F5_18_n285k60d9w9 285 60 9 4 3.368421052631579 0.2369395511036369
F5_19_n285k60d9w9 285 60 9 3 1.894736842105263 0.1777046633277277
F5_1_n195k42d9w9 195 42 9 4 3.446153846153846 0.2864459496157732
F5_20_n285k60d9w9 285 60 9 3 1.894736842105263 0.1777046633277277
F5_21_n285k60d9w9 285 60 9 4 3.368421052631579 0.2369395511036369
F5_22_n285k60d9w9 285 60 9 4 3.368421052631579 0.2369395511036369
F5_23_n285k60d10w9 285 60 9 4 3.368421052631579 0.2369395511036369
F5_24_n285k60d9w9 285 60 9 4 3.368421052631579 0.2369395511036369
F5_25_n300k64d9w9 300 64 9 3 1.92 0.1732050807568877
F5_26_n300k72d9w9 300 72 9 3 2.16 0.1732050807568877
F5_27_n315k66d9w9 315 66 9 3 1.885714285714286 0.1690308509457033
F5_28_n315k66d9w9 315 66 9 4 3.352380952380952 0.2253744679276044
F5_29_n315k66d9w9 315 66 9 4 3.352380952380952 0.2253744679276044
F5_2_n195k42d9w9 195 42 9 3 1.938461538461538 0.2148344622118299
F5_30_n315k66d9w9 315 66 9 4 3.352380952380952 0.2253744679276044
F5_31_n315k66d9w9 315 66 9 4 3.352380952380952 0.2253744679276044
F5_32_n315k66d9w9 315 66 9 4 3.352380952380952 0.2253744679276044
F5_33_n315k66d9w9 315 66 9 4 3.352380952380952 0.2253744679276044
F5_34_n315k66d9w9 315 66 9 3 1.885714285714286 0.1690308509457033
F5_35_n315k72d10w9 315 72 9 3 2.057142857142857 0.1690308509457033
F5_36_n315k66d12w10 315 66 10 4 3.352380952380952 0.2253744679276044
F5_37_n315k66d9w9 315 66 9 4 3.352380952380952 0.2253744679276044
F5_38_n315k66d9w9 315 66 9 3 1.885714285714286 0.1690308509457033
F5_39_n315k66d9w9 315 66 9 4 3.352380952380952 0.2253744679276044
F5_3_n210k48d9w9 210 48 9 3 2.057142857142857 0.2070196678027063
F5_40_n330k68d9w9 330 68 9 4 3.296969696969697 0.2201927530252721
F5_41_n330k68d9w9 330 68 9 4 3.296969696969697 0.2201927530252721
F5_42_n330k69d9w9 330 69 9 4 3.345454545454546 0.2201927530252721
F5_43_n330k69d9w9 330 69 9 4 3.345454545454546 0.2201927530252721
F5_44_n330k69d9w9 330 69 9 4 3.345454545454546 0.2201927530252721
F5_45_n330k69d9w9 330 69 9 4 3.345454545454546 0.2201927530252721
F5_46_n330k69d9w9 330 69 9 3 1.881818181818182 0.1651445647689541
F5_47_n330k69d9w9 330 69 9 4 3.345454545454546 0.2201927530252721
F5_48_n330k69d9w9 330 69 9 4 3.345454545454546 0.2201927530252721
F5_49_n330k72d9w9 330 72 9 4 3.490909090909091 0.2201927530252721
F5_4_n225k48d9w9 225 48 9 4 3.413333333333333 0.2666666666666667
F5_50_n330k72d9w9 330 72 9 4 3.490909090909091 0.2201927530252721
F5_51_n340k72d9w9 340 72 9 3 1.905882352941176 0.1626978433639921
F5_52_n345k72d9w9 345 72 9 4 3.339130434782609 0.2153527608232662
F5_53_n345k72d9w9 345 72 9 4 3.339130434782609 0.2153527608232662
F5_54_n345k72d9w9 345 72 9 3 1.878260869565217 0.1615145706174497
F5_55_n345k72d9w9 345 72 9 4 3.339130434782609 0.2153527608232662
F5_56_n345k72d9w9 345 72 9 3 1.878260869565217 0.1615145706174497
F5_57_n345k72d9w9 345 72 9 4 3.339130434782609 0.2153527608232662
F5_58_n345k72d9w9 345 72 9 3 1.878260869565217 0.1615145706174497
F5_59_n345k72d9w9 345 72 9 3 1.878260869565217 0.1615145706174497
F5_5_n225k48d9w9 225 48 9 3 1.92 0.2
F5_60_n345k72d12w10 345 72 10 4 3.339130434782609 0.2153527608232662
F5_61_n345k72d9w9 345 72 9 4 3.339130434782609 0.2153527608232662
F5_62_n345k72d9w9 345 72 9 3 1.878260869565217 0.1615145706174497
F5_63_n345k72d9w9 345 72 9 4 3.339130434782609 0.2153527608232662
F5_64_n345k72d10w9 345 72 9 4 3.339130434782609 0.2153527608232662
F5_65_n345k72d9w9 345 72 9 4 3.339130434782609 0.2153527608232662
F5_66_n345k72d10w9 345 72 9 4 3.339130434782609 0.2153527608232662
F5_67_n345k72d9w9 345 72 9 4 3.339130434782609 0.2153527608232662
F5_68_n375k78d9w9 375 78 9 4 3.328 0.2065591117977289
F5_69_n375k78d9w9 375 78 9 4 3.328 0.2065591117977289
F5_6_n255k54d9w9 255 54 9 3 1.905882352941176 0.1878672873255449
F5_70_n375k78d12w10 375 78 10 4 3.328 0.2065591117977289
F5_71_n390k81d10w9 390 81 9 4 3.323076923076923 0.2025478734167333
F5_72_n390k81d9w9 390 81 9 3 1.869230769230769 0.15191090506255
F5_73_n390k81d9w9 390 81 9 4 3.323076923076923 0.2025478734167333
F5_74_n390k81d9w9 390 81 9 4 3.323076923076923 0.2025478734167333
F5_75_n390k81d9w9 390 81 9 4 3.323076923076923 0.2025478734167333
F5_76_n390k80d9w9 390 80 9 4 3.282051282051282 0.2025478734167333
F5_77_n390k80d9w9 390 80 9 3 1.846153846153846 0.15191090506255
F5_78_n390k80d9w9 390 80 9 3 1.846153846153846 0.15191090506255
F5_79_n390k80d9w9 390 80 9 4 3.282051282051282 0.2025478734167333
F5_7_n255k54d9w9 255 54 9 3 1.905882352941176 0.1878672873255449
F5_80_n400k88d9w9 400 88 9 4 3.52 0.2
F5_8_n255k54d9w9 255 54 9 4 3.388235294117647 0.2504897164340598
F5_9_n255k54d9w9 255 54 9 3 1.905882352941176 0.1878672873255449
F99_1_n360k20d20w6 360 20 6 20 22.22222222222222 1.05409255338946
