100000000001000010000100000000000010000000000000000000000000000000000000000000000000000000000000000000000000000000000000000000100000000000000000000000000000000000000000000000000000000000000100100000000000000000000000000000000000000100000000000000000000
010100000000000000010000000000100000000010000000000000000000000000000000000000000000000000000000000000000000000000000000000000010000000000000000000000000000000000000000000000000000000000000010000000000001000000100000000000000000000000000000000000000000
001000100000000000010000100000000000000000100000000000000000000000000000000000000000000000000000000000000000000000000000000000001000000000000000000000000000000000000000000000000000000000000001000001000000000000000001000000000000000000000000000000000000
000100000000000000000000010000000000000100010001000000000000000000000000000000000000000000000000000000000000000000000000000000000100000000000000000000000000000000000000000000000000000000000000100000100000000000000000000000000000000000000000100000000000
000110100000000000001000000000000000000000000010000000000000000000000000000000000000000000000000000000000000000000000000000000000010000000000000000000000000000000000000000000000000000000000000010000000000000000000000000000000101000000000000000000000000
000001001000001000000000000100000000000000000000100000000000000000000000000000000000000000000000000000000000000000000000000000000001000000000000000000000000000000000000000000000000000000000000001100000000000000010000000000000000000000000000000000000000
000000100000000000000000000000000001010100000000010000000000000000000000000000000000000000000000000000000000000000000000000000000000100000000000000000000000000000000000000000000000000000000000000100000000000000001000000100000000000000000000000000000000
000000010100010000000000001100000000000000000000000000000000000000000000000000000000000000000000000000000000000000000000000000000000010000000000000000000000000000000000000000000000000000000000000010000000100000000000000000010000000000000000000000000000
000000001000000000000001000000000100000000000000000100100000000000000000000000000000000000000000000000000000000000000000000000000000001000000000000000000000000000000000000000000000000000000000000001000000010000000000000000001000000000000000000000000000
000000000100000000001000000000000010000000000000000010001000000000000000000000000000000000000000000000000000000000000000000000000000000100000000000000000000000000000000000000000000000000000000000000100000001000000000000000000000000000000000000000010000
000000001010010000000000000010000000000000000000000001000000000000000000000000000000000000000000000000000000000000000000000000000000000010000000000000000000000000000000000000000000000000000000000000010000000001000000000000000000000000010000000000000000
000000000001000001000000000001000000000001000000000000100000000000000000000000000000000000000000000000000000000000000000000000000000000001000000000000000000000000000000000000000000000000000000000000001000000000000000000000000000000000101000000000000000
000000000001100100000010000000001000000000000000000000000000000000000000000000000000000000000000000000000000000000000000000000000000000000100000000000000000000000000000000000000000000000000000000000000110000000000000000100000000000000000000000000000000
000000000000010000000001000000000000000000010100000000001000000000000000000000000000000000000000000000000000000000000000000000000000000000010000000000000000000000000000000000000000000000000000000000000011000000000000000010000000000000000000000000000000
000000000100001000000000000000000000000000000000100000100100000000000000000000000000000000000000000000000000000000000000000000000000000000001000000000000000000000000000000000000000000000000000000000000001000000000000000001000000100000000000000000000000
000000000000000101000000000000010001000000000000000000000001000000000000000000000000000000000000000000000000000000000000000000000000000000000100000000000000000000000000000000000000000000000000000000000000100000000100000000000000000010000000000000000000
000000000000000010000000000010000000000001100000000000000010000000000000000000000000000000000000000000000000000000000000000000000000000000000010000000000000000000000000000000000000000000000000000000000000010000000010000000000000000001000000000000000000
001000000000100001000000000000000000000000010000000000010000000000000000000000000000000000000000000000000000000000000000000000000000000000000001000000000000000000000000000000000000000000000000000010000000001000000001000000000000000000000000000000000000
000000000000000100100100000000000000101000000000000000000000000000000000000000000000000000000000000000000000000000000000000000000000000000000000100000000000000000000000000000000000000000000000000000000000000100000000010000000000000000000000001000000000
000000000000000000010000010000000000010000000000010000000001000000000000000000000000000000000000000000000000000000000000000000000000000000000000010000000000000000000000000000000000000000000000000000000000000010000000001000000000000000000000000100000000
000000000000001000001000000000000001001000000000000000000000100000000000000000000000000000000000000000000000000000000000000000000000000000000000001000000000000000000000000000000000000000000000000000000000000001000000000000000000000000000000001010000000
000000000000000000000100000001010000000001000000000100000000000000000000000000000000000000000000000000000000000000000000000000000000000000000000000100000000000000000000000000000000000000000000000000000000000000110000000000000000100000000000000000000000
000000000000000010000010000000001000000000000000000000000001010000000000000000000000000000000000000000000000000000000000000000000000000000000000000010000000000000000000000000000000000000000000000000000000000000011000000000000000010000000000000000000000
000001000010000000000001000000000000000000001000000000001000000000000000000000000000000000000000000000000000000000000000000000000000000000000000000001000000000000000000000000000000000000000000000000000000000000001000000000000000001000000100000000000000
000000000000000000000000101000000000100000001000010000000000000000000000000000000000000000000000000000000000000000000000000000000000000000000000000000100000000000000000000000000000000000000000000000000000000000000100000000100000000000000000010000000000
010000010000000000000000010000000000000000000000000100000000100000000000000000000000000000000000000000000000000000000000000000000000000000000000000000010000000000000000000000000000000000000100000000000000000000000010000000010000000000000000000000000000
000000001000000000000000001001100000000000000000000010000000000000000000000000000000000000000000000000000000000000000000000000000000000000000000000000001000000000000000000000000000000000000000000000000000100000000001000000001000000000000000000000000000
000000000000000000000000000100000100000000000101000000001000000000000000000000000000000000000000000000000000000000000000000000000000000000000000000000000100000000000000000000000000000000000000000000000000000000000000100000000010000000000000000000001000
000000000000000000000010000010000000000000010010000000000000001000000000000000000000000000000000000000000000000000000000000000000000000000000000000000000010000000000000000000000000000000000000000000000000000000000000010000000001000000000000000000000100
100000000010000000000000000001000000000000000001001000000000000000000000000000000000000000000000000000000000000000000000000000000000000000000000000000000001000000000000000000000000000000000000010000000000000000000000001000000000000000000000000000001000
000000000000000000000000100000100000000010000001001000000000000000000000000000000000000000000000000000000000000000000000000000000000000000000000000000000000100000000000000000000000000000000000000000000000000000000000000110000000000000000100000000000000
000000000000100000100000000000010000000001000000000010000000000000000000000000000000000000000000000000000000000000000000000000000000000000000000000000000000010000000000000000000000000000000000000000000000000000000000000011000000000000000010000000000000
000000000000010001000000000010001000000000000000000000000000010000000000000000000000000000000000000000000000000000000000000000000000000000000000000000000000001000000000000000000000000000000000000000000000000000000000000001000000000000000001000001000000
100001000000000000000000000000000101000000000000000000000000001000000000000000000000000000000000000000000000000000000000000000000000000000000000000000000000000100000000000000000000000000000001000000000000000000000000000000100000000100000000000000000000
000000000000001100000000000000000010010000000000000000000010000000000000000000000000000000000000000000000000000000000000000000000000000000000000000000000000000010000000000000000000000000000000100000000000000000000000000000010000000010000000000000000000
001010000000000010000000000000000001000000000000100000000000000000000000000000000000000000000000000000000000000000000000000000000000000000000000000000000000000001000000000000000000000000000000000000000000000000000100000000001000000001000000000000000000
000000000000000000000000000000100000100000000000000101010000000000000000000000000000000000000000000000000000000000000000000000000000000000000000000000000000000000100000000000000000000000000000000000000000000000000000000000000100000000010000000000000001
001000000000000000100000000000000000010000000000000000100100000000000000000000000000000000000000000000000000000000000000000000000000000000000000000000000000000000010000000000000000000000000000000000010000000000000000000000000010000000001000000000000000
000000000100000000010001000000000000001000000000000000010000000000000000000000000000000000000000000000000000000000000000000000000000000000000000000000000000000000001000000000000000000000000000000000001000000000000000000000000001000000000000000000000001
010010000000000000000000000000000000000100000000010000000010000000000000000000000000000000000000000000000000000000000000000000000000000000000000000000000000000000000100000000000000000000000000000000000000000000000000000000000000110000000000000001000000
000000000000000000000100010000000000100010000000001000000000000000000000000000000000000000000000000000000000000000000000000000000000000000000000000000000000000000000010000000000000000000000000000000000000000000000000000000000000011000000000000000100000
100000000000100000000010000000000000000001000010000000000000000000000000000000000000000000000000000000000000000000000000000000000000000000000000000000000000000000000001000000000000000000000010000000000000000000000000000000000000001000000000000000000010
000100000000000000000010000000000000000000101100000000000000000000000000000000000000000000000000000000000000000000000000000000000000000000000000000000000000000000000000100000000000000000000000000001000000000000000000000000000000000100000000100000000000
000000010010000000000000100000001000000000010000000000000000000000000000000000000000000000000000000000000000000000000000000000000000000000000000000000000000000000000000010000000000000000000000000000100000000000000000000000000000000010000000010000000000
000000001000000000000000010000000000001000001000000000000000010000000000000000000000000000000000000000000000000000000000000000000000000000000000000000000000000000000000001000000000000000000100000000000000000000000000000000100000000001000000000000000000
000010010000000000000000000000000000000000000100000000000001010000000000000000000000000000000000000000000000000000000000000000000000000000000000000000000000000000000000000100000000000000000000000000000000000100000000000000000000000000100000000100000000
000000000000000010000000000100010000000000000010000000000000100000000000000000000000000000000000000000000000000000000000000000000000000000000000000000000000000000000000000010000000000000000000000000000000000010000000000000000000000000010000000010000000
010010000000000000000000001010000000000000000001000000000000000000000000000000000000000000000000000000000000000000000000000000000000000000000000000000000000000000000000000001000000000000000000000000000000000101000000000000000000000000001000000000000000
000000100000000000001000000000000100000000000000100000000100000000000000000000000000000000000000000000000000000000000000000000000000000000000000000000000000000000000000000000100000000000000000000000000000000000000000000000000000000000000110000000000010
011000000000000000000000000000100000000000000000010001000000000000000000000000000000000000000000000000000000000000000000000000000000000000000000000000000000000000000000000000010000000000000000001000000000000000000000000000000000000000000011000000000000
000000000000000000000100001000010000000000000000001000000000100000000000000000000000000000000000000000000000000000000000000000000000000000000000000000000000000000000000000000001000000000000000000100000100000000000000000000000000000000000001000000000000
100000000100000000100000000000000000000010000000000100000000000000000000000000000000000000000000000000000000000000000000000000000000000000000000000000000000000000000000000000000100000000000000000000000000010000000000000000000000000000000000100000010000
000000000000000100000000000000000100000000000010001010000000000000000000000000000000000000000000000000000000000000000000000000000000000000000000000000000000000000000000000000000010000000000001000000000000001000000000000000000000000000000000010000000000
000000000001000000000000100000000000000100000000000001000000001000000000000000000000000000000000000000000000000000000000000000000000000000000000000000000000000000000000000000000001000000000000000000000000000000000000100000000000000000000000001000000100
000001000010000000000000000000000010100000000000000000100000000000000000000000000000000000000000000000000000000000000000000000000000000000000000000000000000000000000000000000000000100000000000010000000000000000000000010000000000000000000000000100000000
000000000001000000000000000000001000010000001000000000010000000000000000000000000000000000000000000000000000000000000000000000000000000000000000000000000000000000000000000000000000010000000000000000000000000000000000101000000000000000000000000010000000
000001010000001000000000000000000000001000000000000000001000000000000000000000000000000000000000000000000000000000000000000000000000000000000000000000000000000000000000000000000000001000000000000000000100000000000000000000000000000000000000000001100000
000000100000000000000000000000000010000100000000000000000100001000000000000000000000000000000000000000000000000000000000000000000000000000000000000000000000000000000000000000000000000100000010000000000010000000000000000000000000000000000000000000100000
000100000000000001000000000000000000000000000000000001000110000000000000000000000000000000000000000000000000000000000000000000000000000000000000000000000000000000000000000000000000000010000000000010000000000000000010000000000000000000000000000000010000
000000000000100000101000000000000000000000100000000000000001000000000000000000000000000000000000000000000000000000000000000000000000000000000000000000000000000000000000000000000000000001000000000000010000000000000000000000000100000000000000000000001000
000000000000000000010000000000000000000010000100000010000000100000000000000000000000000000000000000000000000000000000000000000000000000000000000000000000000000000000000000000000000000000100000000000001000000000000000000000000010000000000000000000000100
000000000000010000000001000000000000000000100000000000010000010000000000000000000000000000000000000000000000000000000000000000000000000000000000000000000000000000000000000000000000000000010000001000000000000000100000000000000000000000000000000000000010
000000000000000000000000000101000000000000000000100000000010001000000000000000000000000000000000000000000000000000000000000000000000000000000000000000000000000000000000000000000000000000001000000000000000000010000000000000000000000000100000000000000001
000000000000000000000000000000000000000000000000000000000000000100000000001000010000100000000000010000000000000000000000000000100000011000000000000000000000000000000000000000000000000000000000000000000000001000000000000000000000000000000000000000000000
000000000000000000000000000000000000000000000000000000000000000010100000000000000010000000000100000000010000000000000000000000010000000000100000000010000000000000000000000000000000000000000000000000000000000000000000000000000000000000000001000000000000
000000000000000000000000000000000000000000000000000000000000000001000100000000000010000100000000000000000100000000000000000000101000000000000100000000000000000000000000000000000000000000000000000000000000000000000010000000000000000000000000000000000000
000000000000000000000000000000000000000000000000000000000000000000100000000000000000000010000000000000100010001000000000000000000100000000000110000000000000000000000000000000000000000000000000000000000000000000000001000000000000000000000000000000000000
000000000000000000000000000000000000000000000000000000000000000000110100000000000001000000000000000000000000010000000000000000000010000000000000100000000000000000000000000010000000000000000000000000000000000000000000000000000000000000001000000000000000
000000000000000000000000000000000000000000000000000000000000000000001001000001000000000000100000000000000000000100000000000000010001000000000000000000000000100000000000000000000000000000000000000000000000000000000000000000000000000000000000000000100000
000000000000000000000000000000000000000000000000000000000000000000000100000000000000000000000000001010100000000010000000000000000000100000000000000100000000010000000000000000000000000000000010000000000000000000000000000000000000000000000000000000000000
000000000000000000000000000000000000000000000000000000000000000000000010100010000000000001100000000000000000000000000000000000001100010000000000000000000000000000000000000000000000000000000000000000000000000000000000000000100000000000000000000000000000
000000000000000000000000000000000000000000000000000000000000000000000001000000000000001000000000100000000000000000100100000000000100001000000000000000100000000000000000000000000000000000000000000000000000000000000000000000010000000000000000000000000000
000000000000000000000000000000000000000000000000000000000000000000000000100000000001000000000000010000000000000000010001000000000000000100000000000000110000000000000000000000000000000000000000000000000000000000000000000000001000000000000000000000000000
000000000000000000000000000000000000000000000000000000000000000000000001010010000000000000010000000000000000000000001000000000000010000010000000000000000000000000000000000000000001000000000000000000000000000000000000000000000000000000000000000100000000
000000000000000000000000000000000000000000000000000000000000000000000000001000001000000000001000000000001000000000000100000000000000000001000000000000000100000000000000000000000000100000000000000000000000000000000000000000000000000000000000000010000000
000000000000000000000000000000000000000000000000000000000000000000000000001100100000010000000001000000000000000000000000000000000001000000101000000000000000000000000000000000000000000000000000000000000000000000000000000000000000000000000000000000000010
000000000000000000000000000000000000000000000000000000000000000000000000000010000000001000000000000000000010100000000001000000000000100000010000000000000000000000000100000000000000000000000000001000000000000000000000000000000000000000000000000000000000
000000000000000000000000000000000000000000000000000000000000000000000000100001000000000000000000000000000000000100000100100000000000000000001000000000000000100000000010000000000000000000000000000100000000000000000000000000000000000000000000000000000000
000000000000000000000000000000000000000000000000000000000000000000000000000000101000000000000010001000000000000000000000001000000000001100000100000000000000000000000000000000000000000000000000000000000000000000000000000000000000000100000000000000000000
000000000000000000000000000000000000000000000000000000000000000000000000000000010000000000010000000000001100000000000000010000000000000100000010000000000000000100000000000000000000000000000000000000000000000000000000000000000000000010000000000000000000
000000000000000000000000000000000000000000000000000000000000000001000000000100001000000000000000000000000010000000000010000000000000000000000001000000000000000110000000000000000000000000000000000000000000000000000000000000000000000001000000000000000000
000000000000000000000000000000000000000000000000000000000000000000000000000000100100100000000000000101000000000000000000000000000000000010000000100000000000000000001000000000000000000000000000000000000000000000000000000000000000000000000000000000001000
000000000000000000000000000000000000000000000000000000000000000000000000000000000010000010000000000010000000000010000000001000000000000001000000010000000000000000000000000000000000000001000000000000000000000000000000000000000000000000000000000000000100
000000000000000000000000000000000000000000000000000000000000000000000000000001000001000000000000001001000000000000000000000100000000000000000000001000000000000000100000000000000000000000100000010000000000000000000000000000000000000000000000000000000000
000000000000000000000000000000000000000000000000000000000000000000000000000000000000100000001010000000001000000000100000000000000000000000010000000101000000000000000000000000000000000000000000000000000100000000000000000000000000000000000000000000000000
000000000000000000000000000000000000000000000000000000000000000000000000000000010000010000000001000000000000000000000000001010000000000000001000000010000000000000000000000000100000000000000000000000000010000000000000000000000000000000000000000000000000
000000000000000000000000000000000000000000000000000000000000000000001000010000000000001000000000000000000001000000000001000000000000000000000000000001000000000000000100000000010000000000000000000000000001000000000000000000000000000000000000000000000000
000000000000000000000000000000000000000000000000000000000000000000000000000000000000000101000000000100000001000010000000000000000000000000000011000000100000000000000000000000000000000000000000000000000000000000000000000000000000000000000000100000000000
000000000000000000000000000000000000000000000000000000000000000010000010000000000000000010000000000000000000000000100000000100000000000000000001000000010000000000000000100000000000000000000000000000000000000000000000000000000000000000000000010000000000
000000000000000000000000000000000000000000000000000000000000000000000001000000000000000001001100000000000000000000010000000000000000000000000000000000001000000000000000110000000000000000000100000000000000000000000000000000000000000000000000000000000000
000000000000000000000000000000000000000000000000000000000000000000000000000000000000000000100000100000000000101000000001000000000000000000000000010000000100000000000000000001000000000000000000000000000000000000000000000000000000000000000000000000000001
000000000000000000000000000000000000000000000000000000000000000000000000000000000000010000010000000000000010010000000000000001000000000000000000001000000010000000000000000000000000000000001000000000010000000000000000000000000000000000000000000000000000
000000000000000000000000000000000000000000000000000000000000000100000000010000000000000000001000000000000000001001000000000000000000000010000000000000000001000000000000000100000000000000000000000000001000000000000000000000000000000000000000000000000000
000000000000000000000000000000000000000000000000000000000000000000000000000000000000000100000100000000010000001001000000000000000000000000000000000010000000101000000000000000000000000000000000000000000000000000100000000000000000000000000000000000000000
000000000000000000000000000000000000000000000000000000000000000000000000000100000100000000000010000000001000000000010000000000000000000000000000000001000000010000000000000000000000001000000000000000000000000000010000000000000000000000000000000000000000
000000000000000000000000000000000000000000000000000000000000000000000000000010001000000000010001000000000000000000000000000010000000000000000000000000000000001000000000000000100000000100000000000000000000000000001000000000000000000000000000000000000000
000000000000000000000000000000000000000000000000000000000000000100001000000000000000000000000000101000000000000000000000000001000000000000000000000000011000000100000000000000000000000000000000000000000000000000000000000000000000000000000000000000010000
000000000000000000000000000000000000000000000000000000000000000000000000000001100000000000000000010010000000000000000000010000000000000000000000000000001000000010000000000000000100000000000001000000000000000000000000000000000000000000000000000000000000
000000000000000000000000000000000000000000000000000000000000000001010000000000010000000000000000001000000000000100000000000000000000000000000000000000000000000001000000000000000110000000000000100000000000000000000000000000000000000000000000000000000000
000000000000000000000000000000000000000000000000000000000000000000000000000000000000000000000100000100000000000000101010000000000000000000000000000000000010000000100000000000000000010000000000000000000000000100000000000000000000000000000000000000000000
000000000000000000000000000000000000000000000000000000000000000001000000000000000100000000000000000010000000000000000100100000000000000000000000100000000001000000010000000000000000000000000000000000000000000010000000000000000000000000000000000000000000
000000000000000000000000000000000000000000000000000000000000000000000000100000000010001000000000000001000000000000000010000000000000000000000000010000000000000000001000000000000001000000000000000000000000000001000000000000000000000000000000000000000000
000000000000000000000000000000000000000000000000000000000000000010010000000000000000000000000000000000100000000010000000010000000000000000000000000000000000010000000101000000000000000000000000000000000000000000000000000100000000000000000000000000000000
000000000000000000000000000000000000000000000000000000000000000000000000000000000000100010000000000100010000000001000000000000000000000000000000000000000000001000000010000000000000000000010000000000000000000000000000000010000000000000000000000000000000
000000000000000000000000000000000000000000000000000000000000000100000000000100000000010000000000000000001000010000000000000000000001000000000000000000000000000000000001000000000000001000000000000000000000000000000000000001000000000000000000000000000000
000000000000000000000000000000000000000000000000000000000000000000100000000000000000010000000000000000000101100000000000000000000000000000000000000000000000000011000000100000000000000000000000000010000000000000000000000000000000000000000000000000000000
000000000000000000000000000000000000000000000000000000000000000000000010010000000000000100000001000000000010000000000000000000000000000000000000000000000000000001000000010000000000000010000000000001000000000000000000000000000000000000000000000000000000
000000000000000000000000000000000000000000000000000000000000000000000001000000000000000010000000000001000001000000000000000010001000000000000000000000000000000000000000001000000000000010000000000000100000000000000000000000000000000000000000000000000000
000000000000000000000000000000000000000000000000000000000000000000010010000000000000000000000000000000000000100000000000001010000010000000000000000000000000000000010000000100000000000000000000000000000000000000000000100000000000000000000000000000000000
000000000000000000000000000000000000000000000000000000000000000000000000000000010000000000100010000000000000010000000000000100000000000000000000000000000100000000001000000010000000000000000000000000000000000000000000010000000000000000000000000000000000
000000000000000000000000000000000000000000000000000000000000000010010000000000000000000001010000000000000000001000000000000000000000000000000000000000000010000000000000000001000000000001000000000000000000000000000000001000000000000000000000000000000000
000000000000000000000000000000000000000000000000000000000000000000000100000000000001000000000000100000000000000100000000100000000000000000000000000000000000000000000010000000101000000000000000000000000000000000000000000000000000100000000000000000000000
000000000000000000000000000000000000000000000000000000000000000011000000000000000000000000000100000000000000000010001000000000000000000000100000000000000000000000000001000000010000000000000000000000000000000000000000000000000000010000000000000000000000
000000000000000000000000000000000000000000000000000000000000000000000000000000000000100001000010000000000000000001000000000100000000000000010000000000000000000000000000000000001000000000010000000000000000000000000000000000000000001000000000000000000000
000000000000000000000000000000000000000000000000000000000000000100000000100000000100000000000000000000010000000000100000000000000000000000000000000000000000000000000000011000000100000000000000000000000000100000000000000000000000000000000000000000000000
000000000000000000000000000000000000000000000000000000000000000000000000000000100000000000000000100000000000010001010000000000000000010000000000000000000000000000000000001000000010000000000000000000000000010000000000000000000000000000000000000000000000
000000000000000000000000000000000000000000000000000000000000000000000000001000000000000100000000000000100000000000001000000001000000000001000000000000000000000000000000000010000001000000000000000000000000000000000000000000000100000000000000000000000000
000000000000000000000000000000000000000000000000000000000000000000001000010000000000000000000000010100000000000000000100000000000000000000000000000000000000000000100000000001000000100000000000000000000000000000000000000000000010000000000000000000000000
000000000000000000000000000000000000000000000000000000000000000000000000001000000000000000000001000010000001000000000010000000000000000000000000000000000000000000010000000000000000010000001000000000000000000000000000000000000001000000000000000000000000
000000000000000000000000000000000000000000000000000000000000000000001010000001000000000000000000000001000000000000000001000000010000000000000000000000000000000000000000000000010000001000000000000000000000000000000000000000000000000000000100000000000000
000000000000000000000000000000000000000000000000000000000000000000000100000000000000000000000000010000100000000000000000100001000000000000000000000100000000000000000000000000001000000100000000000000000000000000000000000000000000000000000010000000000000
000000000000000000000000000000000000000000000000000000000000000000100000000000001000000000000000000000000000000000001000110000100000000000000000000000000000000000000000000000000010000010000000000000000000000000000100000000000000000000000000000000000000
000000000000000000000000000000000000000000000000000000000000000000000000000100000101000000000000000000000100000000000000001000000000000000000000001000000000000000000000000000000000100001000000000000000000000000000000000000000000000000100000000000000000
000000000000000000000000000000000000000000000000000000000000000000000000000000000010000000000000000000010000100000010000000100000000000000000000000000000000000000000000000100000000010000100000000000000000000000000000000000000000000000010000000000000000
000000000000000000000000000000000000000000000000000000000000000000000000000010000000001000000000000000000100000000000010000010000000100000000000000000000000000000000000000000000000000100010000000000000000000000000000000000000000000000000000000001000000
000000000000000000000000000000000000000000000000000000000000000000000000000000000000000000101000000000000000000100000000010001000000000000000000000000000001000000000000000000000000000000101000000000000000000000000000000000000000000000000000001000000000
