100000011000000000000000000000000000000000000000000000000000100000000000000000000000000000100000000000000000000000000000
010001000000000001000000000000000000000000000000000000000000010000000000000000000000000000010000000000000000000000000000
001000000000011000000000000000000000000000000000000000000000001000000000000000000000000000001000000000000000000000000000
100100000000001000000000000000000000000000000000000000000000000100000000000000000000000000000100000000000000000000000000
000010000010000000000001000000000000000000000000000000000000000010000000000000000000000000000010000000000000000000000000
000011000001000000000000000000000000000000000000000000000000000001000000000000000000000000000001000000000000000000000000
000000100000000000011000000000000000000000000000000000000000000000100000000000000000000000000000100000000000000000000000
001000010000000000001000000000000000000000000000000000000000000000010000000000000000000000000000010000000000000000000000
001100001000000000000000000000000000000000000000000000000000000000001000000000000000000000000000001000000000000000000000
000000000100000010000000000100000000000000000000000000000000000000000100000000000000000000000000000100000000000000000000
000000000110000001000000000000000000000000000000000000000000000000000010000000000000000000000000000010000000000000000000
010000000011000000000000000000000000000000000000000000000000000000000001000000000000000000000000000001000000000000000000
000000000000100000000000110000000000000000000000000000000000000000000000100000000000000000000000000000100000000000000000
000000100000010000000000010000000000000000000000000000000000000000000000010000000000000000000000000000010000000000000000
000000110000001000000000000000000000000000000000000000000000000000000000001000000000000000000000000000001000000000000000
000000000000000100000010000001000000000000000000000000000000000000000000000100000000000000000000000000000100000000000000
000000000000000110000001000000000000000000000000000000000000000000000000000010000000000000000000000000000010000000000000
000010000000000011000000000000000000000000000000000000000000000000000000000001000000000000000000000000000001000000000000
000100000000000000100000000010000000000000000000000000000000000000000000000000100000000000000000000000000000100000000000
000000000000100000010000000010000000000000000000000000000000000000000000000000010000000000000000000000000000010000000000
000000000000110000001000000000000000000000000000000000000000000000000000000000001000000000000000000000000000001000000000
000000000001000000000100001000000000000000000000000000000000000000000000000000000100000000000000000000000000000100000000
000000000000000000000110000100000000000000000000000000000000000000000000000000000010000000000000000000000000000010000000
000000000100000000000011000000000000000000000000000000000000000000000000000000000001000000000000000000000000000001000000
000000001000000000100000100000000000000000000000000000000000000000000000000000000000100000000000000000000000000000100000
000000000000000000110000010000000000000000000000000000000000000000000000000000000000010000000000000000000000000000010000
010000000000000000000000001001000000000000000000000000000000000000000000000000000000001000000000000000000000000000001000
000000000000000100000000001100000000000000000000000000000000000000000000000000000000000100000000000000000000000000000100
100000000000000000000000100010000000000000000000000000000000000000000000000000000000000010000000000000000000000000000010
000001000000000000000100000001000000000000000000000000000000000000000000000000000000000001000000000000000000000000000001
000000000000000000000000000000100000011000000000000000000000000000000000000100000000000000010000000000000000000000000000
000000000000000000000000000000010001000000000001000000000000000000000000000000010000000000000100000000000000000000000000
000000000000000000000000000000001000000000011000000000000000000000000000000000000100000000000010000000000000000000000000
000000000000000000000000000000100100000000001000000000000000000000000000000000000000000100000000000001000000000000000000
000000000000000000000000000000000010000010000000000001000000000000000000000000000000100000000000010000000000000000000000
000000000000000000000000000000000011000001000000000000000000000000000000100000000000000000100000000000000000000000000000
000000000000000000000000000000000000100000000000011000000000010000000000000000000000000000000000000100000000000000000000
000000000000000000000000000000001000010000000000001000000000000000000000000000000000000001000000000000000001000000000000
000000000000000000000000000000001100001000000000000000000000000000000000000000000010000000000001000000000000000000000000
000000000000000000000000000000000000000100000010000000000100000100000000000000000000000000000000000000010000000000000000
000000000000000000000000000000000000000110000001000000000000000000000000000000100000000000001000000000000000000000000000
000000000000000000000000000000010000000011000000000000000000000000000000000000000000010000000000001000000000000000000000
000000000000000000000000000000000000000000100000000000110000000010000000000000000000000000000000000000000100000000000000
000000000000000000000000000000000000100000010000000000010000000000000001000000000000000000000000000000000000000001000000
000000000000000000000000000000000000110000001000000000000000000000000000000000000000001000000000000010000000000000000000
000000000000000000000000000000000000000000000100000010000001000000010000000000000000000000000000000000000000010000000000
000000000000000000000000000000000000000000000110000001000000100000000000000000000000000000000000100000000000000000000000
000000000000000000000000000000000010000000000011000000000000000000000000000000000000000010000000000000001000000000000000
000000000000000000000000000000000100000000000000100000000010000000000100000000000000000000000000000000000000000100000000
000000000000000000000000000000000000000000100000010000000010000000000000000001000000000000000000000000000000000000000100
000000000000000000000000000000000000000000110000001000000000000001000000000000000000000000000000000000000010000000000000
000000000000000000000000000000000000000001000000000100001000000000000000010000000000000000000000000000000000000000100000
000000000000000000000000000000000000000000000000000110000100001000000000000000000000000000000000000000100000000000000000
000000000000000000000000000000000000000100000000000011000000000000001000000000000000000000000000000000000000001000000000
000000000000000000000000000000000000001000000000100000100000000000000000000000000001000000000000000000000000000000000001
000000000000000000000000000000000000000000000000110000010000000000000010000000000000000000000000000000000000000010000000
000000000000000000000000000000010000000000000000000000001001000000100000000000000000000000000000000000000000100000000000
000000000000000000000000000000000000000000000100000000001100000000000000001000000000000000000000000000000000000000010000
000000000000000000000000000000100000000000000000000000100010000000000000000010000000000000000000000000000000000000001000
000000000000000000000000000000000001000000000000000100000001000000000000000000001000000000000000000000000000000000000010
