1000000000000000100000000001000000000000000000000000000010000010000000000000000000001000000000000000000100000000
0100000000000010000000000010000000000000000000000000000001000000100000000000000000000100000000000000000001000000
0010010000000000000010000000000000000000000000000000000000100000001000000000000000000010000000000000000000010000
0001000000000000000001001000000000000000000000000000000000010000000100000000000000000001000000000010000000000000
0001100000000000001000000000000000000000000000000000000000001000000010000000000000000000100000000000000000000100
0000010000000000000100100000000000000000000000000000000000000100000001000000000000000000010000000000100000000000
0000001001000000000000001000000000000000000000000000000000000010000000100000000000000000001000000000000000000010
0100000100000000000000000100000000000000000000000000000000000001000000010000000000000000000100000000001000000000
0000000110000000000000100000000000000000000000000000000000000000100000001000000000000000000010000000000000000001
1000000001000000000000010000000000000000000000000000000000000000010000000100000000000000000001000000000010000000
0100000000100100000000000000000000000000000000000000000000000000001000000010000000000001000000100000000000000000
0000100000010000000000000001000000000000000000000000000000000000000100000001000000000000000000010000000000100000
1000000000011000000000000000000000000000000000000000000000000000000010000000100000000000010000001000000000000000
0010000000000100000000000010000000000000000000000000000000000000000001000000010000000000000000000100000000001000
0000100000000010010000000000000000000000000000000000000000000000000000100000001000000000000100000010000000000000
0000010010000001000000000000000000000000000000000000000000000000000000010000000100001000000000000001000000000000
0010000000000001100000000000000000000000000000000000000000000000000000001000000010000000000001000000100000000000
0001001000000000010000000000000000000000000000000000000000000000000000000100000001000100000000000000010000000000
0000000010000000001001000000000000000000000000000000000010000000000000000010000000000000000000010000001000000000
0000000001001000000100000000000000000000000000000000000000000000000000000001000000100010000000000000000100000000
0000001000000000000110000000000000000000000000000000000001000000000000000000100000000000000000000100000010000000
0000000100100000000001000000000000000000000000000000000000000000000000000000010000010000100000000000000001000000
0000000000001000000000100100000000000000000000000000000000100000000000000000001000000000000000000001000000100000
0000000000000100100000010000000000000000000000000000000000010000000000000000000100000000001000000000000000010000
0000000000100000000000011000000000000000000000000000000000001000000000000000000010000000000000000000010000001000
0000000000010010000000000100000000000000000000000000000000000100000000000000000001000000000010000000000000000100
0000000000000000010010000010000000000000000000000000000000000001000000000000000000100000000000100000000000000010
0000000000000001001000000001000000000000000000000000000000000000010000000000000000010000000000001000000000000001
0000000000000000000000000000100000000000000010000000000110000000000000010000000000000000000000000001000000000010
0000000000000000000000000000010000000000001000000000001001000000000000000100000000000000000000000000010000000001
0000000000000000000000000000001001000000000000001000000000100000000000000001000000000001000000000000000100000000
0000000000000000000000000000000100000000000000000100100000010000001000000000000000000000000000100000000000100000
0000000000000000000000000000000110000000000000100000000000001000000000000000010000000000010000000000000001000000
0000000000000000000000000000000001000000000000010010000000000100000010000000000000000000000000001000000000001000
0000000000000000000000000000000000100100000000000000100000000010000000000000000100000000000100000000000000010000
0000000000000000000000000000010000010000000000000000010000000001000000100000000000001000000000000010000000000000
0000000000000000000000000000000000011000000000000010000000000000100000000000000001000000000001000000000000000100
0000000000000000000000000000100000000100000000000001000000000000010000001000000000000100000000000000100000000000
0000000000000000000000000000010000000010010000000000000000000000001000000000000000100000000000010000000000000010
0000000000000000000000000000000010000001000000000000000100000000000100000010000000000010000000000000001000000000
0000000000000000000000000000100000000001100000000000000000000000000010000000000000010000000000000100000000000001
0000000000000000000000000000001000000000010000000000001000000000000001000000100000000000100000000000000010000000
0000000000000000000000000000000010000000001001000000000000010000000000100000000000000001000000000001000000000000
0000000000000000000000000000000001001000000100000000000000000000000000010000001000000000001000000000000000100000
0000000000000000000000000000001000000000000110000000000000000100000000001000000000000000010000000000010000000000
0000000000000000000000000000000100100000000001000000000000000000000000000100000010000000000010000000000000001000
0000000000000000000000000000000000001000000000100100000000000001000000000010000000000000000100000000000100000000
0000000000000000000000000000000000000100100000010000000010000000000000000001000000001000000000100000000000000000
0000000000000000000000000000000000100000000000011000000000000000010000000000100000000000000001000000000001000000
0000000000000000000000000000000000010010000000000100000001000000000000000000010000000100000000001000000000000000
0000000000000000000000000000000000000000100000000010010000000000000100000000001000000000000000010000000000010000
0000000000000000000000000000000000000000010010000001000000100000000000000000000100000010000000000010000000000000
0000000000000000000000000000000000000010000000000001100000000000000001000000000010000000000000000100000000000100
0000000000000000000000000000000000000001001000000000010000001000000000000000000001000000100000000000100000000000
0000000000000000000000000000000000000000000001001000001000000010000000000000000000100000001000000000001000000000
0000000000000000000000000000000000000000000100100000000100000000100000000000000000010000000010000000000010000000
